[16, 16, 32, 31, 56, 55, 56, 92, 70, 77, 95, 53, 128]
OrderedDict([('Overall Pixel Accuracy', 0.86864203), ('Overall Mean Accuracy', 0.3703347173813047), ('Intersection over Union', [0.87087536, 0.49020806, 0.11959085, 0.23609969, 0.25951597, 0.22242527, 0.037375823, 0.043687444, 0.4816383]), ('F1-Score', [0.9309817, 0.6579055, 0.21363312, 0.3820075, 0.41208842, 0.36390817, 0.0720584, 0.08371748, 0.6501429]), ('True Positive Rate', [0.9593876, 0.62558514, 0.14227058, 0.2885759, 0.3253202, 0.30970284, 0.042583615, 0.049044643, 0.59054196]), ('True Negative Rate', [0.58803695, 0.9685106, 0.9983313, 0.99838704, 0.99864537, 0.9952278, 0.99866784, 0.9987919, 0.98982733])])
[[4527689691  201448967   36544137   23983624   18827393   40951988
    41512400   42445760   73941999]
 [ 127671425  376738294    1649566    3897078     559004     562357
      655463    1794455   29520508]
 [   3247674     234493    7301114     744288     561756    1264207
      914048    2761345       4455]
 [   4933252    1544013    1068638   12232740     197648     269973
      321480     912376     174348]
 [   4539133     282876     836805     363969   10171354     376084
      550629     946974      31416]
 [  11531132     371274    1924917     341349     525880   21894863
     8354467    4660748      30814]
 [   2827912     149020     358350     127662      76144    3268802
     2372809     949905       6164]
 [   1846720      95321    1516911     286370     305776    2026747
      951461    2815210       9524]
 [  35066917   21353222     118072     412950      40715      81338
       88418     114195  149589339]]