[16, 16, 32, 30, 48, 49, 50, 76, 56, 62, 82, 39, 128]
OrderedDict([('Overall Pixel Accuracy', 0.85993934), ('Overall Mean Accuracy', 0.3444991326601673), ('Intersection over Union', [0.8627799, 0.45840457, 0.08959909, 0.1978127, 0.2121152, 0.22793068, 0.0020546366, 0.014357752, 0.43869656]), ('F1-Score', [0.9263359, 0.62863845, 0.16446249, 0.33028987, 0.34999183, 0.37124357, 0.0041008475, 0.02830905, 0.6098528]), ('True Positive Rate', [0.95676476, 0.59176314, 0.107759796, 0.26338318, 0.26364475, 0.3613173, 0.002081704, 0.015079798, 0.5386977]), ('True Negative Rate', [0.55846155, 0.966828, 0.99821657, 0.9975945, 0.99870217, 0.99288285, 0.99987406, 0.99950457, 0.98974454])])
[[4515311418  219738444   37789692   24551607   20253241   41197951
    41686809   43176316   85697415]
 [ 134335272  356370112    1958385    3990022     700500     651901
      732092    2145371   30682931]
 [   3416360     297872    5530072    1166559     741279    1437997
      958858    2357420      25327]
 [   7245361    2386720    1549889   11164821     343207     504121
      488649    1158795     374601]
 [   4389118     248982     795549     319265    8243030     321986
      562931     927366      30233]
 [  18966999     675707    2887000     580709     788988   25543819
    10867129    6570478      34999]
 [    399167       9966      30531      39315      10817     175741
      115995      67724        800]
 [    822020      94647     680119     102487     154732     778222
      248937     865595       5509]
 [  34468141   22395030      97273     475245      29876      84621
       59775     131903  136456752]]