Overall Pixel Accuracy: 0.8740457892417908
Overall Mean Accuracy: 0.33431800973533404
Intersection over Union: [0.8766998, 0.45380014, 0.053831074, 0.00011290451, 0.056654513, 0.0003349064, 0.0013812245, 0.17874756, 0.52676475]
F1-Score: [0.93429947, 0.6242951, 0.10216262, 0.00022578354, 0.10723375, 0.0006695885, 0.0027586387, 0.30328387, 0.6900405]
True Positive Rate: [0.9404272, 0.6150234, 0.065426014, 0.0037470725, 0.46530628, 0.0032738096, 0.001381611, 0.2147663, 0.6995104]
True Negative Rate: [0.6797934, 0.95612645, 0.99876004, 0.9979431, 0.99631655, 0.99823475, 0.99999744, 0.99907404, 0.9809534]

Confusion matrix:

[[76825837  3275432   353485     1699    24366    19092   835967   189631
   1238563]
 [ 3416113  6776284    53731     4248      582      612    26163    11737
    401194]
 [   50909     5738    37537        6      486        6       22    66218
       194]
 [   62514    36715    79571       24       24       18      882    16523
      9917]
 [  272890     8060    16460       42    23806       48    13069    56551
      1914]
 [  124519       78    15159       72      712       66    25378    10202
       790]
 [     226        0        0        0        0        0     1264        0
        30]
 [   60983     3527    14315       30      910       30    11837    98474
       762]
 [  878496   912095     3474      284      276      288      292     9181
   3848870]]
