Overall Pixel Accuracy: 0.8450174331665039
Overall Mean Accuracy: 0.2410183929451199
Intersection over Union: [0.85842824, 0.36934623, 0.07727688, 0.0033464704, 0.058344577, 0.00019324379, 0.0, 0.05341852, 0.16101503]
F1-Score: [0.9238218, 0.53944904, 0.14346707, 0.006670618, 0.11025629, 0.0003864129, 0.0, 0.10141937, 0.2773694]
True Positive Rate: [0.9527693, 0.52664495, 0.124711275, 0.1340495, 0.19333333, 0.0065223835, 0.0, 0.056941923, 0.17419288]
True Negative Rate: [0.515947, 0.9474001, 0.996467, 0.9974972, 0.9988223, 0.9933861, 1.0, 0.9996968, 0.9952458]

Confusion matrix:

[[77833322  4809786   329019     3184    35820    19374   833086   182382
   2765241]
 [ 2897959  5803262    37884     2094      516      540      540    11500
   1741915]
 [  164083    80956    71540       14      600       18     2894    96685
      6867]
 [   79970    71954    54191      861       42       36      392    22233
     22045]
 [   54010    10281     4318       12     9860       12     2027    43396
      3940]
 [  410849    20286    72905      132     3412      132    75246    76231
      3776]
 [       0        0        0        0        0        0        0        0
         0]
 [   14648    10024     3664        0      624        0      528    26120
       768]
 [  236837   212757      124      126      126      126      130      166
    958612]]
