Overall Pixel Accuracy: 0.8606814742088318
Overall Mean Accuracy: 0.3680851985860094
Intersection over Union: [0.8631716, 0.39588997, 0.10259568, 0.23586695, 0.2458602, 0.202173, 0.043134037, 0.08094259, 0.4613665]
F1-Score: [0.92656153, 0.5672223, 0.18609847, 0.3817028, 0.39468345, 0.33634594, 0.082700856, 0.14976299, 0.63141793]
True Positive Rate: [0.9744704, 0.4379906, 0.11342471, 0.3198939, 0.5007364, 0.26417547, 0.049720347, 0.10327264, 0.5490824]
True Negative Rate: [0.47752, 0.9878714, 0.9990711, 0.99741393, 0.99445885, 0.9962689, 0.99853957, 0.9972813, 0.99144393]

Confusion matrix:

[[4600100684  310624064   35827123   25235123   14409375   40333734
    41827259   41020690   99406873]
 [  47893184  263905355     528103     841358     151228     172512
      173778     429476   13886677]
 [   2048910     285831    5823462     330186     113424     631821
      521608    1466003      21401]
 [   7319073    3853371    1374292   13568786     192391     343815
      434198    1038124     555506]
 [  18960890    2130740    2766534    1295654   15669029    1932029
     1915186    3119657     318795]
 [   9739839     356111    1339290     233098     415484   18688602
     6192787    3396213      22708]
 [   3072990     179819     329544     106578      80592    3749249
     2772410     983297      12159]
 [   4485246     368947    3296892     606734     257118    4864557
     1898115    5931533      67458]
 [  26995406   20832326      56854     199002       3330      26817
       24729      50675  139172859]]
